0	       0	10.50644	       0	17.01807
0.1	0.057532199	   10.50644	0.084967852	   16.96907
0.2	 0.2301288	  10.50644	0.33840141	  16.82207
0.3	0.51778979	  10.50644	0.75589067	  16.57707
0.4	0.92051518	  10.50644	 1.3300856	  16.23407
0.5	 1.438305	 10.50644	2.0506963	 15.79307
0.6	2.0711592	 10.50644	2.9044927	 15.25407
0.7	2.8190777	 10.50644	3.8753048	 14.61707
0.8	3.6820607	 10.50644	4.9440226	 13.88207
0.9	4.6601081	 10.50644	 6.088596	 13.04907
1	5.7532199	 10.50644	7.2840352	 12.11807
1.1	6.9613961	 10.50644	8.5024101	 11.08907
1.2	8.2846366	 10.50644	9.7128508	9.9620705
1.3	9.7229416	 10.50644	10.881547	8.7370705
1.4	11.276311	 10.50644	11.971749	7.4140705
1.5	12.944745	 10.50644	12.943767	5.9930705
1.6	14.728243	 10.50644	 13.75497	4.4740705
1.7	16.626805	 10.50644	14.359789	2.8570705
1.8	18.640432	 10.50644	14.709714	1.1420705
1.9	  20.769124	   10.50644	  14.753295	-0.67092951
2	  23.01288	  10.50644	 14.436141	-2.5819295
2.1	   25.3717	  10.50644	 13.700923	-4.5909295
2.2	 27.845584	  10.50644	 12.487371	-6.6979295
2.3	 30.434533	  10.50644	 10.732274	-8.9029295
2.4	33.138547	 10.50644	 8.369483	-11.20593
2.5	35.957624	 10.50644	5.3299078	-13.60693
2.6	38.891766	 10.50644	1.5415183	-16.10593
