0	       0	10.50644	       0	17.01807
0.1	1.150644	10.50644	1.701807	16.03807
0.2	 2.301288	 10.50644	3.3056141	 15.05807
0.3	3.4519319	 10.50644	4.8114211	 14.07807
0.4	4.6025759	 10.50644	6.2192282	 13.09807
0.5	5.7532199	 10.50644	7.5290352	 12.11807
0.6	6.9038639	 10.50644	8.7408423	 11.13807
0.7	8.0545078	 10.50644	9.8546493	 10.15807
0.8	9.2051518	 10.50644	10.870456	9.1780705
0.9	10.355796	 10.50644	11.788263	8.1980705
1	 11.50644	 10.50644	 12.60807	7.2180705
1.1	12.657084	 10.50644	13.329878	6.2380705
1.2	13.807728	 10.50644	13.953685	5.2580705
1.3	14.958372	 10.50644	14.479492	4.2780705
1.4	16.109016	 10.50644	14.907299	3.2980705
1.5	 17.25966	 10.50644	15.237106	2.3180705
1.6	18.410304	 10.50644	15.468913	1.3380705
1.7	 19.560948	  10.50644	  15.60272	0.35807049
1.8	  20.711592	   10.50644	  15.638527	-0.62192951
1.9	 21.862236	  10.50644	 15.576334	-1.6019295
2	  23.01288	  10.50644	 15.416141	-2.5819295
2.1	 24.163524	  10.50644	 15.157948	-3.5619295
2.2	 25.314168	  10.50644	 14.801755	-4.5419295
2.3	 26.464811	  10.50644	 14.347562	-5.5219295
2.4	 27.615455	  10.50644	 13.795369	-6.5019295
2.5	 28.766099	  10.50644	 13.145176	-7.4819295
2.6	 29.916743	  10.50644	 12.396983	-8.4619295
2.7	 31.067387	  10.50644	  11.55079	-9.4419295
2.8	32.218031	 10.50644	10.606597	-10.42193
2.9	33.368675	 10.50644	9.5644044	-11.40193
3	34.519319	 10.50644	8.4242115	-12.38193
3.1	35.669963	 10.50644	7.1860185	-13.36193
3.2	36.820607	 10.50644	5.8498256	-14.34193
3.3	37.971251	 10.50644	4.4156326	-15.32193
3.4	39.121895	 10.50644	2.8834397	-16.30193
3.5	40.272539	 10.50644	1.2532467	-17.28193
